605217784
7118429403
907500638
8190073808
1012418617
5425619724
984881838
5153370593
7703868306
537856649
437333147
1236041252
5008470629
1710664083
6658474035
7740541037
1326718813
5792259947
670111151
5046389896
1524726636
1080711218
5282394918
7798007028
1031334285
1839469723
749553491
1368187731
6204872692
1305653919
5925617582
1815746733
992440034
5295741262
825113290
1768703472
1386465828
732183503
918714746
1055516556
586998561
7055018875
8151682865
7551223726
1130719276
1159901524
739443649
2043927219
416391103
1991607507
5033673167
1057643073
6181789572
1157806331
6067396909
6445006183
1173693587
658199252
720002883
1109309310
948494687
1222878774
1010690240
274320112
1824131944
723677055
6017736683
1054011865
495527160
6891396250
756964186
399365366
7930316487
2111570945
5574662942
1198648118
1718091469
5909423946
5225820140
1238354134
7774946104
5872030195
868951765
945270199
2084089934
1010538285
802420923
751103531
1363302796
890925488
934544330
5604851561
883954983
1354331072
7639670350
751987758
6453511638
1885341623
579860010
6896811424
6388404089
814745662
7765718185
7517619176
5377714155
371375300
5182740755
5693642371
1811983225
6877587089
1674196392
994323496
5798497387
7929765749
5113698561
6106661406
5941003425
930479175
6485227696
5047512944
7315755406
5149536303
1604740671
1450021871
6623561522
402519920
1860853371
1053566955
688894521
6055997910
7035404965
8066959481
6685166235
5819927106
7378002890
1005494276
970590018
6255360165
5194264225
5562183752
1872584809
5624881012
7675538954
6032965074
5882871133
7463581520
1806674930
1837345959
6506683424
1212067458
5184687535
7809832055
7509631884
7968313105
1079948318
1377255283
5586825346
5168182383
7194988251
2134924753
437924817
6942042312
1420777212
254503838
6625955592
6554089749
5199919163
7917455894
7581453732
5594389263
988642664
1620668847
6652248330
1436635340
5371265709
5460560036
5858565834
589160598
1353006779
8000023109
2090734517
1676978147
5476584776
7655255906
1879182554
999999970
5716177107
5262662157
5458652735
1905236103
1997563739
8151469961
7690050212
6922206065
6366113250
2012703450
1076795017
662921984
1086077994
7454384082
753299832
2059121373
814783368
1274290679
765183441
7144818109
7225751667
750300001
1415756021
1084217002
5155278793
8172459116
7510273760
7338591930
8097261180
1067530373
6735996736
5812764919
7843987075
5778897333
7535128293
6434106087
5902289691
7855282672
7917311221
957476503
7600271180